 0.660 0.852 0.971 0.789 0.857
 0.461 0.600 0.970 0.876 0.800
 0.046 0.007 15.450 0.768 0.767
 12.271 23.298 253.006 28.167 27.811
 0.993 0.544 1.000 0.933 0.938
 0.975 0.222 1.000 0.979 0.987
 0.183 0.004 61.417 1.537 1.534
 13.616 58.454 386.482 52.274 51.806
 0.992 0.404 0.996 0.949 0.949
 0.967 0.271 0.983 0.860 0.976
 0.549 0.013 183.678 2.354 2.315
 35.895 385.594 1297.199 102.175 107.314
 0.994 0.458 1.000 0.958 0.971
 0.975 0.512 1.000 0.990 0.957
 1.465 0.001 489.044 3.311 3.122
 22.580 303.762 3711.143 325.070 323.960
 0.656 0.404 1.000 0.984 0.975
 0.393 0.385 1.000 0.982 0.990
 6.592 0.005 1221.657 5.217 4.063
 11.976 287.625 1895.510 1022.375 924.457
 0.713 0.472 1.000 0.927 0.955
 0.443 0.508 1.000 0.989 0.955
 15.820 0.004 2930.832 17.820 10.219
 71.435 613.363 7295.611 714.818 710.317
 0.585 0.550 1.000 0.917 0.905
 0.354 0.882 1.000 0.899 0.913
 69.727 0.004 6837.273 92.791 8.722
 33.014 430.384 5067.538 1301.299 1016.750
 0.625 0.562 1.000 0.922 0.915
 0.347 0.881 1.000 0.907 0.870
 159.375 0.008 15626.526 338.135 51.535
 75.315 789.879 10973.547 1989.120 1372.390
 0.408 0.553 1.000 0.890 0.950
 0.174 0.818 1.000 0.828 0.902
 696.094 0.071 35157.967 2862.404 152.303
 234.693 790.339 7345.692 2339.563 1735.286
 0.316 0.530 1.000 0.910 0.936
 0.093 0.661 1.000 0.893 0.918
 1546.875 0.188 78126.907 13225.907 520.820
 531.840 1781.842 15039.833 7859.563 3430.219
