 0.220 0.734 0.096 0.613 0.591
 0.553 0.667 0.454 0.999 1.000
 0.004 0.007 0.463 0.013 0.013
 7.214 1.691 58.176 17.433 17.415
 0.281 0.293 0.292 0.672 0.661
 0.604 0.646 0.553 0.994 0.994
 0.008 0.002 1.842 0.026 0.025
 23.122 1.336 59.335 17.800 17.962
 0.397 0.324 0.345 0.671 0.682
 0.578 0.617 0.606 1.000 0.993
 0.016 0.010 7.347 0.060 0.051
 18.867 3.473 67.336 19.216 18.935
 0.126 0.280 0.616 0.597 0.680
 0.461 0.511 0.661 1.000 1.000
 0.055 0.020 29.343 0.291 0.203
 17.662 3.763 213.052 19.375 19.749
 0.020 0.340 0.640 0.626 0.727
 0.393 0.546 0.666 0.665 1.000
 0.110 0.047 117.279 0.664 0.410
 26.488 7.292 302.884 23.852 23.800
 0.404 0.223 0.649 0.639 0.712
 0.582 0.473 0.667 0.998 0.995
 0.220 0.130 468.933 2.097 0.846
 27.342 41.958 411.482 105.163 115.774
 0.061 0.000 0.647 0.696 0.734
 0.442 0.333 0.667 0.667 1.000
 0.791 0.345 1875.366 14.897 3.370
 47.298 146.521 1090.217 166.660 175.117
 0.066 0.000 0.647 0.495 0.774
 0.448 0.333 0.667 1.000 1.000
 1.582 0.992 7500.732 59.568 6.959
 35.481 1034.563 8628.918 1186.820 981.081
 0.013 0.000 0.648 0.538 0.865
 0.388 0.333 0.667 0.766 1.000
 5.977 2.518 30001.465 388.148 27.359
 37.926 1662.656 5324.341 1671.105 1455.581
 0.013 0.000 0.309 0.677 0.776
 0.383 0.333 0.596 0.698 1.000
 23.203 3.632 120002.930 3168.750 116.131
 166.123 4117.422 33098.506 7145.708 3427.238
