 0.106 0.528 0.697 0.743 0.763
 0.269 0.449 0.591 0.816 0.787
 6.790 0.260 3492.768 54.468 4.427
 48.466 280.921 2646.954 396.452 342.904
 0.004 0.280 0.533 0.470 0.525
 0.436 0.959 0.678 0.783 0.757
 1.947 0.003 3323.698 21.529 6.840
 54.214 450.413 5094.685 620.432 643.667
 0.037 0.333 0.795 0.621 0.753
 0.467 0.972 0.848 0.907 0.867
 3.642 0.045 12438.683 74.240 16.826
 105.768 4120.270 16195.236 2395.277 2436.537
 0.200 0.212 0.113 0.502 0.482
 0.379 0.397 0.251 0.625 0.554
 8.972 0.048 7177.963 202.819 5.779
 35.364 505.134 6941.926 743.199 691.274
 0.010 0.193 0.222 0.227 0.223
 0.205 0.419 0.297 0.501 0.501
 59.216 0.444 119632.721 1535.396 161.616
 217.826 3865.883 40433.266 5235.262 3908.935
